cam0:
  T_cam_imu:
  - [0.9894204017204575, -0.05545716897520218, -0.13405883435486232, 0.09423316831174594]
  - [0.09103540113224842, 0.9568157592513722, 0.2760727414811372, 0.10332718465686767]
  - [0.1129593927038348, -0.28535610254115135, 0.9517415985142736, 0.98485297101357]
  - [0.0, 0.0, 0.0, 1.0]
  camera_model: pinhole
  distortion_coeffs: [0.0, 0.0, 0.0, 0.0]
  distortion_model: equidistant
  intrinsics: [565.4, 565.4, 616.45, 373.84]
  resolution: [1280, 720]
  rostopic: /oak/left/image_raw
