cam0:
  T_cam_imu:
  - [0.9947042967294809, 0.08053296214859357, -0.0638576861112546, -0.022257926722940313]
  - [-0.0654488565855397, 0.017272873125472765, -0.997706417251908, 0.03802859583701422]
  - [-0.07924524742567078, 0.9966022726552283, 0.022452191404843003, 0.05037424877796427]
  - [0.0, 0.0, 0.0, 1.0]
  camera_model: pinhole
  distortion_coeffs: [-0.2294, 0.053, -0.0005, -0.0016]
  distortion_model: radtan
  intrinsics: [761.7, 762.9, 618.4, 361.0]
  resolution: [1280, 720]
  rostopic: /oak/rgb/image_raw
  timeshift_cam_imu: 0.08797112164184563
